rank	degree	gene	p-value
1	68500	TP53	0.00014598540146
2	46334	EGFR	0.000215824232745
3	16352	PTEN	0.000611545988258
4	15715	PIK3R1	0.000636334712059
5	14159	PIK3CA	0.000706264566707
6	6593	EP300	0.00151676020021
7	5476	TTN	0.0018261504748
8	4921	RB1	0.00203210729527
9	3987	PRKACA	0.00250815149235
10	3579	PLCG2	0.0027940765577
11	3336	UBC	0.00299760191847
12	2846	MUC16	0.00351370344343
13	2512	PTPN11	0.00398089171975
14	2439	LRP2	0.00410004100041
15	2373	APOB	0.00421407501054
16	2363	STAG2	0.00423190859077
17	2219	PIK3CB	0.00450653447499
18	1866	GNAT3	0.005359056806
19	1865	DYNC1H1	0.00536193029491
20	1608	FLNA	0.00621890547264
21	1521	KDR	0.00657462195924
22	1448	STAT1	0.00690607734807
23	1380	FOXA1	0.00724637681159
24	1265	ATRX	0.00790513833992
25	1178	MUC17	0.00848896434635
26	1161	HUWE1	0.00861326442722
27	1116	COL1A2	0.0089605734767
28	1043	NOS1	0.00958772770853
29	1037	IGF1R	0.00964320154291
30	1013	TPR	0.00987166831194
31	995	CUL1	0.0100502512563
32	979	BRCA1	0.0102145045965
33	889	CTNNA2	0.0112485939258
34	855	NRAS	0.0116959064327
35	828	ITGB4	0.012077294686
36	777	CACNA1S	0.01287001287
37	726	SMC3	0.0137741046832
38	701	ARRB2	0.0142653352354
39	659	IL12RB1	0.0151745068285
40	601	NCBP2	0.0166389351082
41	586	HDAC2	0.0170648464164
42	586	C3	0.0170648464164
43	582	ITGB7	0.0171821305842
44	571	TP63	0.0175131348511
45	545	HELZ2	0.0183486238532
46	540	AMPH	0.0185185185185
47	531	CSF2RA	0.0188323917137
48	476	DST	0.0210084033613
49	470	FLT1	0.0212765957447
50	445	AXIN1	0.0224719101124
51	444	DLG4	0.0225225225225
52	440	NOTCH4	0.0227272727273
53	432	HNRNPA2B1	0.0231481481481
54	426	ITGB3	0.0234741784038
55	414	LPAR1	0.024154589372
56	406	SEC13	0.0246305418719
57	399	VAV2	0.0250626566416
58	381	HNRNPR	0.0262467191601
59	377	ITGB5	0.026525198939
60	371	ITGA9	0.0269541778976
61	361	NINL	0.0277008310249
62	361	AGRN	0.0277008310249
63	340	DSP	0.0294117647059
64	338	NUP160	0.0295857988166
65	320	FYN	0.03125
66	316	PAPOLA	0.0316455696203
67	309	ZNF263	0.0323624595469
68	288	CCNT1	0.0347222222222
69	286	PRKCA	0.034965034965
70	286	KRT18	0.034965034965
71	284	NCAN	0.0352112676056
72	283	DHX37	0.0353356890459
73	281	ROR2	0.0355871886121
74	281	MKS1	0.0355871886121
75	270	PCDH10	0.037037037037
76	269	ALYREF	0.0371747211896
77	267	PRPF6	0.0374531835206
78	266	ROCK1	0.0375939849624
79	255	GPKOW	0.0392156862745
80	254	SMAD2	0.0393700787402
81	253	SUPT6H	0.0395256916996
82	249	PCNA	0.0401606425703
83	236	MCM7	0.0423728813559
84	233	RPSA	0.0429184549356
85	231	RPS21	0.04329004329
86	229	TERT	0.0436681222707
87	225	VCL	0.0444444444444
88	217	NGF	0.0460829493088
89	204	GTF2H1	0.0490196078431
90	201	CCL5	0.0497512437811
91	199	CALCR	0.0502512562814
92	194	SMAD4	0.0515463917526
93	188	COL4A3	0.0531914893617
94	183	CCNB1	0.0546448087432
95	179	CACNA1A	0.0558659217877
96	179	EPHA6	0.0558659217877
97	178	DRD1	0.0561797752809
98	177	SF1	0.0564971751412
99	174	LAMA4	0.0574712643678
100	170	ESRRB	0.0588235294118
101	161	PRKG1	0.0621118012422
102	160	HLA-DQB2	0.0625
103	160	GABRA4	0.0625
104	158	GALNT6	0.0632911392405
105	157	ITCH	0.0636942675159
106	157	KIF22	0.0636942675159
107	156	GFM1	0.0641025641026
108	155	SPDL1	0.0645161290323
109	153	FBXW11	0.0653594771242
110	153	ITPR2	0.0653594771242
111	150	STARD13	0.0666666666667
112	149	S1PR1	0.0671140939597
113	147	HES1	0.0680272108844
114	146	CD44	0.0684931506849
115	143	PRKAA2	0.0699300699301
116	140	PAN3	0.0714285714286
117	139	TRAPPC10	0.0719424460432
118	138	PSMC5	0.0724637681159
119	137	KIF5C	0.0729927007299
120	134	KRT19	0.0746268656716
121	134	EIF4H	0.0746268656716
122	132	TP53BP1	0.0757575757576
123	130	LRRC7	0.0769230769231
124	130	NR1D1	0.0769230769231
125	128	AURKA	0.078125
126	128	RBM28	0.078125
127	122	EXOC8	0.0819672131148
128	122	KRT37	0.0819672131148
129	122	PDHA2	0.0819672131148
130	118	NOP14	0.0847457627119
131	117	LIG3	0.0854700854701
132	114	PLK4	0.0877192982456
133	113	MC2R	0.0884955752212
134	112	TAF2	0.0892857142857
135	112	MRPL16	0.0892857142857
136	111	KRT33A	0.0900900900901
137	108	KRT79	0.0925925925926
138	106	RAC2	0.0943396226415
139	106	TAF6	0.0943396226415
140	104	SNRPD3	0.0961538461538
141	104	GNB5	0.0961538461538
142	104	GPC3	0.0961538461538
143	102	FOXO4	0.0980392156863
144	101	SLC18A3	0.0990099009901
145	101	CSNK1G3	0.0990099009901
146	100	POU5F1	0.1
147	100	E2F6	0.1
148	98	COL10A1	0.102040816327
149	98	CALD1	0.102040816327
150	97	NDUFAF6	0.103092783505
151	96	KIF5B	0.104166666667
152	96	DNAH1	0.104166666667
153	94	DIDO1	0.106382978723
154	94	NFIA	0.106382978723
155	93	TUBB6	0.10752688172
156	92	GABBR1	0.108695652174
157	92	CDK19	0.108695652174
158	91	FOXO3	0.10989010989
159	91	CEP72	0.10989010989
160	91	SND1	0.10989010989
161	90	BAZ1B	0.111111111111
162	90	NR1H2	0.111111111111
163	89	FGF20	0.112359550562
164	89	OCLN	0.112359550562
165	88	KRT24	0.113636363636
166	87	RPL22	0.114942528736
167	86	MLLT3	0.116279069767
168	86	PER1	0.116279069767
169	85	KRT17	0.117647058824
170	85	CENPQ	0.117647058824
171	84	PIK3R6	0.119047619048
172	83	KMT2B	0.120481927711
173	82	RAPGEF3	0.121951219512
174	79	MYO5A	0.126582278481
175	79	SNAP47	0.126582278481
176	79	CALML3	0.126582278481
177	78	BUB3	0.128205128205
178	78	NOL3	0.128205128205
179	78	MOV10	0.128205128205
180	77	SELE	0.12987012987
181	76	DLG2	0.131578947368
182	74	PRKCE	0.135135135135
183	74	MEF2C	0.135135135135
184	74	GMEB2	0.135135135135
185	73	REC8	0.13698630137
186	73	MTMR8	0.13698630137
187	73	PSIP1	0.13698630137
188	73	WLS	0.13698630137
189	72	GNGT1	0.138888888889
190	71	C2	0.140845070423
191	71	LLGL1	0.140845070423
192	71	OR10A3	0.140845070423
193	70	RHOF	0.142857142857
194	70	EIF1AX	0.142857142857
195	70	UGT2B11	0.142857142857
196	67	IQGAP1	0.149253731343
197	67	EPS15L1	0.149253731343
198	67	PTPRK	0.149253731343
199	67	ARHGAP21	0.149253731343
200	67	KCNU1	0.149253731343
201	67	PTN	0.149253731343
202	66	SMARCA5	0.151515151515
203	65	KCNJ6	0.153846153846
204	65	CYP1B1	0.153846153846
205	62	IL2RG	0.161290322581
206	62	S1PR3	0.161290322581
207	62	TIE1	0.161290322581
208	61	ANAPC2	0.16393442623
209	61	FOSL2	0.16393442623
210	61	MRPL13	0.16393442623
211	61	FOXP2	0.16393442623
212	60	TUBGCP2	0.166666666667
213	60	DMAP1	0.166666666667
214	60	KCNC2	0.166666666667
215	60	LAMTOR4	0.166666666667
216	58	TAF4	0.172413793103
217	57	COPS8	0.175438596491
218	57	ATP6V0B	0.175438596491
219	56	ARHGAP9	0.178571428571
220	56	JMJD6	0.178571428571
221	55	MRPS27	0.181818181818
222	53	BLNK	0.188679245283
223	53	PAK6	0.188679245283
224	53	RERE	0.188679245283
225	53	ZFYVE16	0.188679245283
226	53	ESRRG	0.188679245283
227	52	TNFRSF14	0.192307692308
228	52	ANPEP	0.192307692308
229	52	TFAP2B	0.192307692308
230	52	OR4D6	0.192307692308
231	52	PMPCB	0.192307692308
232	52	UGT1A4	0.192307692308
233	51	ARHGAP35	0.196078431373
234	51	ARHGAP25	0.196078431373
235	51	OR52B2	0.196078431373
236	50	KRT40	0.2
237	47	C8A	0.212765957447
238	46	ATP6V1G1	0.217391304348
239	46	MS4A1	0.217391304348
240	45	SCRT2	0.222222222222
241	45	PEX13	0.222222222222
242	44	BRD2	0.227272727273
243	44	STK36	0.227272727273
244	44	NBEA	0.227272727273
245	43	TRAF3IP2	0.232558139535
246	43	PKD2	0.232558139535
247	43	VTI1A	0.232558139535
248	42	BRD4	0.238095238095
249	42	G3BP1	0.238095238095
250	42	USP15	0.238095238095
251	42	PHC1	0.238095238095
252	42	LCP1	0.238095238095
253	41	GFRA1	0.243902439024
254	41	TRIM8	0.243902439024
255	40	HTR1D	0.25
256	39	HSPA6	0.25641025641
257	39	OR5K4	0.25641025641
258	39	GJB3	0.25641025641
259	39	PARN	0.25641025641
260	38	TADA2A	0.263157894737
261	38	OR5K3	0.263157894737
262	37	NCKAP1	0.27027027027
263	37	MUC6	0.27027027027
264	37	SETD2	0.27027027027
265	37	CDX2	0.27027027027
266	37	VDAC2	0.27027027027
267	36	MCF2	0.277777777778
268	36	PENK	0.277777777778
269	36	ELOVL7	0.277777777778
270	36	PKHD1	0.277777777778
271	36	MTX1	0.277777777778
272	35	HSD17B4	0.285714285714
273	35	ST14	0.285714285714
274	35	GJB5	0.285714285714
275	34	GRB7	0.294117647059
276	34	ARFIP2	0.294117647059
277	34	ETV4	0.294117647059
278	33	MLH3	0.30303030303
279	33	TGFBR3	0.30303030303
280	32	BCL2L10	0.3125
281	32	ARHGAP39	0.3125
282	32	ZNF496	0.3125
283	31	WSB2	0.322580645161
284	31	MLH1	0.322580645161
285	31	AKAP5	0.322580645161
286	31	TAF1D	0.322580645161
287	31	TXNIP	0.322580645161
288	31	PHKG1	0.322580645161
289	30	CCNB2	0.333333333333
290	30	USF2	0.333333333333
291	30	CRMP1	0.333333333333
292	29	HCRTR1	0.344827586207
293	29	CXCL14	0.344827586207
294	28	PAF1	0.357142857143
295	28	PDE3B	0.357142857143
296	28	PARD3B	0.357142857143
297	28	KRT72	0.357142857143
298	28	LEMD2	0.357142857143
299	27	ACTR5	0.37037037037
300	27	GORASP2	0.37037037037
301	27	GSTM5	0.37037037037
302	26	NEURL2	0.384615384615
303	26	STK39	0.384615384615
304	26	NRK	0.384615384615
305	26	MFAP5	0.384615384615
306	26	ZP1	0.384615384615
307	25	RFC3	0.4
308	24	RIN1	0.416666666667
309	24	CIC	0.416666666667
310	24	LTBP2	0.416666666667
311	24	IL1RAPL2	0.416666666667
312	24	POP1	0.416666666667
313	24	C5AR1	0.416666666667
314	24	CHCHD4	0.416666666667
315	23	ROR1	0.434782608696
316	23	PEX3	0.434782608696
317	23	SIK3	0.434782608696
318	23	OR6K2	0.434782608696
319	23	BMP8A	0.434782608696
320	22	VAMP1	0.454545454545
321	22	KANSL2	0.454545454545
322	21	OR51E1	0.47619047619
323	21	PYGO1	0.47619047619
324	21	SOX5	0.47619047619
325	20	BET1	0.5
326	20	KLF1	0.5
327	20	MPP5	0.5
328	20	PPFIBP1	0.5
329	20	PI3	0.5
330	20	GINS3	0.5
331	20	FIS1	0.5
